name	Station	Depth	Eddy	Temperature(¡æ)	Salinity	Turbidity	DIN(¦Ìmol/L)	DRP(¦Ìmol/L)	Chl a (10^-2 ¦Ìg/L)	Synechococcus(10^3 cells/mL)	Picoeukaryote(10^3 cells/mL)	Prochlorococcus (10^5 cells/mL)	Bacteria(10^5 cells/mL)	Virus(10^6 particles/mL)	Total NP (cells/mL)	Total HNF (cells/mL)	Total NE (cells/mL)	POC (mg/m^3)
B4DS	B4	S	Ref.	30.1719	33.6963	1.928	0.36	0.02	3.513652	5.683180947	0.823649413	0.267740969	4.527	0.905166	1027.42645	750.3676471	1777.794097	32.34466171
B5DS	B5	S	Ref.	30.2789	33.3995	1.9741	0.45	0.04	3.0812242	4.623418703	1.070744236	0.160062536	3.32325	0.694572	317.4632328	311.6911765	629.1544093	32.34466171
B6DS	B6	S	Ref.	29.7602	33.516	1.9065	0.36	0.03	2.5129642	5.578852022	1.06525324	0.201135187	3.96375	0.76569	318.4411765	376.0000001	694.4411766	31.50164795
B7DS	B7	S	Ref.	29.7054	33.491	1.941	0.2	0.03	10.6861073	9.131526488	0.960924315	0.173735116	3.9505	1.159899	285.7169096	219.3382353	505.0551449	30.30607605
B8DS	B8	S	Ref.	29.3594	33.9797	1.9509	0.03	0.02	15.0272871	12.40416015	0.862086385	0.268290069	4.4715	0.768582	490.6250045	380.9558824	871.5808869	29.8898468
C1DS	C1	S	Ref.	29.8372	33.3151	1.9887	0.1	0.02	1.6993771	9.224873422	0.730302479	0.16884813	4.09075	1.031471	490.6250045	404.0441176	894.6691221	30.05903053
C3DS	C3	S	Ref.	29.7238	33.2823	1.9633	0.02	0.02	2.5012551	10.01557686	0.91150535	0.287069275	3.997	1.226573	447.3345603	468.9797793	916.3143396	28.95535851
C5DS	C5	S	Ref.	30.23	33.4243	1.9478	0.38	0.04	4.2327889	7.237132839	0.933469334	0.169781599	3.62825	0.91725	457.6418098	360.7536765	818.3954863	30.30288887
C7DS	C7	S	Ref.	29.8955	33.3014	1.9393	0.11	0.02	6.3235729	6.907673074	0.724811483	0.155614829	5.1035	1.845659	490.6249978	285.7169119	776.3419097	33.92427444
E4DS	E4	S	Ref.	29.6222	33.6794	1.9377	0.15	0.03	5.8421424	9.131526488	0.856595389	0.307276141	6.043	1.083266	461.7647053	248.1985294	709.9632347	30.34431076
A4DS	A4	S	Eddy	30.0714	33.1948	1.9882	0.49	0.06	9.0784732	12.15706533	1.197037146	0.248632303	3.69025	0.302529	386.7279414	185	571.7279414	33.15195084
A5DS	A5	S	Eddy	30.0619	33.1727	1.9555	0.02	0.03	5.1354711	9.455495257	0.818158417	0.304475733	3.701	0.909756	334.7794126	167.3897059	502.1691185	32.67189026
A6DS	A6	S	Eddy	30.0125	33.2187	2.0094	0.45	0.04	8.6830124	8.401224009	1.153109178	0.391508021	4.5265	0.725969	421.3602951	334.7794118	756.1397069	32.4865799
A7DS	A7	S	Eddy	30.0589	33.2369	0.0237	0.43	0.06	3.8755846	8.241985122	1.235474119	0.428846794	4.84625	0.524083	409.816175	230.8823529	640.6985279	31.39388275
F2DS	F2	S	Eddy	30.0874	33.2448	1.1562	0.1	0.02	4.9974897	4.969351456	1.081726229	0.367073088	4.0445	0.733032	265.5147066	352.0955882	617.6102948	34.30105209
F3DS	F3	S	Eddy	30.3573	33.3364	0.0237	0.05	0.02	1.8178989	6.320136493	0.812667421	0.197785679	3.7835	0.930137	415.5882345	444	859.5882345	31.80435181
FF2DS	FF2	S	Eddy	30.2186	33.2724	0.6845	0.02	0.02	3.5970426	11.86604254	1.367258025	0.345987663	3.357	1.08704	415.5882351	438.6764705	854.2647056	31.99277115
FF4DS	FF4	S	Eddy	30.1179	33.2232	1.1468	0.18	0.03	2.2344223	8.04980026	0.900523358	0.220628223	4.21925	0.879593	594.5220581	375.1838235	969.7058816	32.16926575
H3DS	H3	S	Eddy	29.9278	33.1699	1.9489	0.12	0.01	1.7481871	12.83245785	1.224492127	0.202233386	3.58075	1.045894	466.2998962	210.6801471	676.9800433	31.3198452
B4DD	B4	DCM	Ref.	27.2635	34.1494	1.904	0.56	0.1	32.3805708	0.543608612	3.278124662	1.126313117	3.0815	1.364019	738.8235284	340.5514705	1079.374999	40.57108307
B5DD	B5	DCM	Ref.	23.6441	34.3153	1.9431	1.46	0.15	26.6463893	0.521644628	2.855317964	1.044442365	2.21125	0.994009	1388.901664	640.3377759	2029.23944	34.36838531
B6DD	B6	DCM	Ref.	25.157	34.2211	1.8949	1.68	0.16	20.3577029	0.834631405	3.876643235	1.060201524	2.8735	0.532598	515.3623927	195.8377101	711.2001028	36.73084259
B7DD	B7	DCM	Ref.	26.0418	34.2164	1.9275	0.57	0.07	NA	5.084662374	7.121821921	1.548845265	2.81075	1.222915	721.5073506	230.8823529	952.3897035	34.31113815
B8DD	B8	DCM	Ref.	26.5587	34.561	1.9229	0.68	0.1	16.7100688	0.318477773	1.877920661	1.298126384	2.2275	0.443457	614.724263	187.5919118	802.3161748	29.88747978
C1DD	C1	DCM	Ref.	23.2087	34.2832	1.9741	0.93	0.12	22.306945	0.137274902	2.026177555	1.170460725	4.42925	1.333599	815.3033117	173.1617647	988.4650764	38.70914459
C3DD	C3	DCM	Ref.	23.2928	34.2437	1.9624	4.52	0.36	22.2511621	0.241603828	3.294597651	2.002456452	3.0105	0.641519	800.8731603	324.6783088	1125.551469	35.10852814
C5DD	C5	DCM	Ref.	22.1478	34.3277	1.969	0.52	0.16	26.9300894	3.481291517	7.357934753	2.330543468	3.1685	1.756664	844.1636086	317.4632354	1161.626844	32.43442917
C7DD	C7	DCM	Ref.	25.335	33.9537	1.9441	0.28	0.06	17.4648212	12.36572318	5.057207394	1.165683559	3.1445	1.100331	714.2922779	245.3125	959.6047779	39.40911102
E4DD	E4	DCM	Ref.	24.534	34.4126	1.9238	2.3	0.19	19.0509629	0.746775468	2.448984254	0.941156729	2.87925	0.585495	438.6764709	207.7941176	646.4705885	32.35293198
A4DD	A4	DCM	Eddy	25.3218	34.0906	1.9732	2.04	0.22	35.2992435	1.125654197	3.058484819	1.208403508	2.47875	0.459647	548.3455891	178.9338235	727.2794126	38.03635788
A5DD	A5	DCM	Eddy	26.0461	34.005	1.9482	0.64	0.16	31.1598006	3.305579643	3.915080208	2.105138079	3.302	1.441465	582.9779413	230.8823529	813.8602942	41.02405548
A6DD	A6	DCM	Eddy	25.8688	33.9552	1.9784	0.67	0.14	20.6800894	2.602732144	6.644105262	1.756844197	3.14275	1.191137	582.9779425	219.3382353	802.3161778	42.86318207
A7DD	A7	DCM	Eddy	23.6984	34.1558	0.0236	0.32	0.12	25.1290234	1.812028708	5.897329794	2.079440217	3.51075	1.842498	611.8382338	214	825.8382338	32.12418365
F2DD	F2	DCM	Eddy	24.6377	34.1006	1.1613	0.05	0.03	22.4811554	2.70706107	2.026177555	1.095288989	2.93175	1.921388	444.4485307	202	646.4485307	42.01878357
F3DD	F3	DCM	Eddy	27.2164	34.2233	0.024	0.04	0.03	30.5580124	6.440938407	1.076235233	1.767826189	3.26475	1.379172	681.1029395	421.360294	1102.463234	45.480896
FF2DD	FF2	DCM	Eddy	26.7634	34.3045	1.1226	0.63	0.09	19.0337689	3.591111439	4.33239591	2.172238051	3.641	1.576892	646.4705897	312.0000001	958.4705898	44.09230042
FF4DD	FF4	DCM	Eddy	24.9399	34.2472	1.1105	3.52	0.23	20.4135832	6.342100477	8.747156762	2.543649026	1.96675	0.88141	715.7352929	225.1102941	940.845587	43.50097656
H3DD	H3	DCM	Eddy	25.18	34.0419	1.9364	2.21	0.21	16.6031517	2.652151109	4.288467942	1.259085402	2.07125	1.15772	764.797799	375.1838234	1139.981622	45.25304031
B4D200	B4	200	Ref.	15.4046	34.5673	1.9053	16.81	1.18	NA	NA	NA	NA	1.19875	0.445002	34.63235294	167.3897059	202.0220588	25.60712244
B5D200	B5	200	Ref.	16.5541	34.6468	1.9468	10.73	0.78	NA	NA	NA	NA	0.744	0.649536	19.24019608	125.0612746	144.3014707	25.60712244
B6D200	B6	200	Ref.	15.1753	34.5737	1.9011	14.53	1.04	NA	NA	NA	NA	0.7555	0.290632	11.54411765	115.4411765	126.9852942	23.43497276
B7D200	B7	200	Ref.	16.6507	34.6004	1.9054	16.13	0.86	NA	NA	NA	NA	0.75775	1.463678	28.86029412	77.92279411	106.7830882	22.29696653
B8D200	B8	200	Ref.	16.3043	34.6035	1.8887	14.02	0.99	NA	NA	NA	NA	1.11175	0.631667	23.08823529	124.0992647	147.1875	20.90527915
C1D200	C1	200	Ref.	14.8986	34.5581	1.9539	18.25	1.02	NA	NA	NA	NA	0.8655	0.258618	25.97426471	118.3272059	144.3014706	25.06309129
C3D200	C3	200	Ref.	14.713	34.5516	1.9418	17.94	1.25	NA	NA	NA	NA	1.5415	0.80912	0	67.00000001	67.00000001	22.8363018
C5D200	C5	200	Ref.	14.5947	34.5475	1.9284	18.6	1.28	NA	NA	NA	NA	0.86775	0.852158	37.51838235	155.8455882	193.3639706	21.64853475
C7D200	C7	200	Ref.	15.9752	34.5833	1.9111	18.52	0.95	NA	NA	NA	NA	0.9235	0.048916	31.74632353	138.5294118	170.2757353	24.15805624
E4D200	E4	200	Ref.	16.7495	34.6181	1.9119	12.57	0.83	NA	NA	NA	NA	1.21475	0.572447	23.08823529	86.58088234	109.6691176	22.64340785
A4D200	A4	200	Eddy	16.4699	34.5862	1.9549	15.27	1.06	NA	NA	NA	NA	0.8735	0.160152	69.26470588	138.5294118	207.7941177	26.78932
A5D200	A5	200	Eddy	15.5993	34.5738	1.9246	16.27	1.11	NA	NA	NA	NA	0.76025	0.478537	23.08823529	98.125	121.2132353	28.3565159
A6D200	A6	200	Eddy	14.7143	34.552	1.9676	15.06	1.01	NA	NA	NA	NA	0.8185	0.451029	34.63235294	75.03676472	109.6691177	27.07135007
A7D200	A7	200	Eddy	16.0676	34.5891	0.0238	14.52	1.01	NA	NA	NA	NA	0.8525	0.53971	11.54411765	75.03676471	86.58088236	25.33463099
F2D200	F2	200	Eddy	14.9492	34.554	1.1195	19.64	1.02	NA	NA	NA	NA	0.883	0.585246	5.772058824	139	144.7720588	26.88317679
F3D200	F3	200	Eddy	16.7627	34.586	0.0239	16.78	0.74	NA	NA	NA	NA	1.28325	0.382002	11.54411765	190.4779411	202.0220588	26.57409284
FF2D200	FF2	200	Eddy	16.4222	34.577	1.0787	17.29	0.93	NA	NA	NA	NA	0.9635	0.588221	17.31617647	161.6176471	178.9338236	25.52589227
FF4D200	FF4	200	Eddy	15.8107	34.5737	1.146	18.24	0.94	NA	NA	NA	NA	0.852	0.460917	23.55942377	188.4753902	212.034814	25.5625782
H3D200	H3	200	Eddy	16.2838	34.5832	1.9352	14.11	0.95	NA	NA	NA	NA	0.883	0.291516	34.63235294	161.617647	196.2499999	26.55882834
B4D500	B4	500	Ref.	8.3728	34.417	1.9828	30.98	1.7	NA	NA	NA	NA	0.759	0.21293	5.772058824	121.2132353	126.9852941	25.95095443
B5D500	B5	500	Ref.	8.1912	34.3816	1.9997	28.98	1.86	NA	NA	NA	NA	0.504	0.192153	2.886029412	75.03676471	77.92279412	25.95095443
B6D500	B6	500	Ref.	7.8183	34.3977	1.9712	30.58	1.97	NA	NA	NA	NA	1.1795	0.169038	2.886029412	54.83455881	57.72058822	24.13433646
B7D500	B7	500	Ref.	8.1529	34.4051	1.965	29.87	1.88	NA	NA	NA	NA	0.608	0.276454	3.607536765	54.11305146	57.72058823	22.83825491
B8D500	B8	500	Ref.	8.6803	34.404	1.9684	27.88	1.78	NA	NA	NA	NA	2.5375	0.201157	0	54.83455882	54.83455882	21.21504401
C1D500	C1	500	Ref.	9.0039	34.4187	2.0228	28.95	1.82	NA	NA	NA	NA	1.03875	0.165502	9.620098039	105.8210784	115.4411764	24.49040031
C3D500	C3	500	Ref.	8.3962	34.4209	2.0154	30.26	1.93	NA	NA	NA	NA	0.721	0.273596	2.886029412	121.2132353	124.0992647	21.90026283
C5D500	C5	500	Ref.	8.6953	34.4202	1.9694	29.25	1.83	NA	NA	NA	NA	0.689	0.130996	2.886029412	121.2132353	124.0992647	20.78841974
E4D500	E4	500	Ref.	8.2742	34.4215	1.985	29.66	1.89	NA	NA	NA	NA	2.0055	0.346722	5.772058824	34.63235294	40.40441176	23.30099105
A4D500	A4	500	Eddy	8.9086	34.4246	2.0655	27.07	1.47	NA	NA	NA	NA	0.87275	0.120626	11.54411765	63.49264705	75.0367647	26.41499331
A5D500	A5	500	Eddy	9.0212	34.4216	2.0214	27.11	1.58	NA	NA	NA	NA	0.803	0.221184	5.772058824	51.94852941	57.72058823	27.58199885
A6D500	A6	500	Eddy	8.6665	34.4202	1.9756	28.03	1.75	NA	NA	NA	NA	0.6515	0.229512	28.86029412	121.2132353	150.0735294	26.84189604
A7D500	A7	500	Eddy	8.6419	34.422	0.0235	27.14	1.53	NA	NA	NA	NA	1.1675	NA	0	92.35294118	92.35294118	25.40330889
F2D500	F2	500	Eddy	8.5671	34.4169	1.1559	28.19	1.73	NA	NA	NA	NA	1.2195	0.240757	5.772058824	75.0367647	80.80882352	26.12134174
F3D500	F3	500	Eddy	8.8205	34.4178	0.0239	28.03	1.69	NA	NA	NA	NA	0.985	0.195734	5.772058824	132.7573529	138.5294117	25.06735803
FF2D500	FF2	500	Eddy	8.9327	34.4117	1.1617	28.38	1.3	NA	NA	NA	NA	0.6105	0.198938	5.772058824	126.9852941	132.7573529	24.09539033
FF4D500	FF4	500	Eddy	8.9859	34.4129	1.0798	28.51	1.57	NA	NA	NA	NA	0.663	0.245269	11.54411765	144.3014706	155.8455883	24.33589938
H3D500	H3	500	Eddy	8.92	34.4216	1.9911	28.46	1.69	NA	NA	NA	NA	0.823	0.103679	5.772058824	51.94852942	57.72058824	25.35591318
